0 8.700000000000001
1 3.5
2 6.0
3 8.6
4 2.8000000000000003
5 1.3
6 7.4
7 1.2000000000000002
8 3.3000000000000003
9 7.6000000000000005
10 6.2
11 7.800000000000001
12 1.0
13 1.1
14 4.4
15 5.9
16 1.5
17 0.5
18 5.2
19 4.800000000000001
20 7.9
21 2.2
22 4.0
23 9.9
24 4.5
25 3.2
26 4.6000000000000005
27 0.30000000000000004
28 8.5
29 6.1000000000000005
30 2.5
31 3.4000000000000004
32 9.5
33 5.0
34 6.9
35 9.600000000000001
36 9.1
37 6.4
38 8.8
39 1.9000000000000001
40 8.1
41 6.800000000000001
42 5.1000000000000005
43 3.8000000000000003
44 9.700000000000001
45 2.1
46 5.800000000000001
47 3.1
48 1.7000000000000002
49 0.8
50 0.2
51 3.0
52 5.4
53 4.9
54 0.7000000000000001
55 5.5
56 8.0
57 5.7
58 8.9
59 2.0
60 6.5
61 6.6000000000000005
62 5.300000000000001
63 1.6
64 0.4
65 0.9
66 4.2
67 2.9000000000000004
68 4.7
69 1.8
70 3.7
71 2.6
72 6.7
73 3.6
74 0.6000000000000001
75 9.3
76 7.2
77 1.4000000000000001
78 9.8
79 0.0
80 0.1
81 4.1000000000000005
82 9.200000000000001
83 7.300000000000001
84 5.6000000000000005
85 7.5
86 3.9000000000000004
87 7.0
88 2.3000000000000003
89 7.1000000000000005
90 8.200000000000001
91 9.4
92 6.300000000000001
93 2.7
94 4.3
95 9.0
96 8.3
97 7.7
98 8.4
99 2.4000000000000004
